7
20
31
213
240
411
465
768
819
889
903
993
221
472
682
783
935
126
228
389
667
839
906
946
34
35
100
145
175
298
365
414
493
494
566
589
738
739
757
874
918
212
273
316
422
470
584
665
689
816
97
194
251
280
523
548
807
896
25
85
95
176
216
271
287
299
366
535
590
675
723
790
805
126
228
389
667
839
906
946
96
279
310
544
591
707
791
806
842
847
912
63
409
419
727
881
2
123
138
264
277
290
518
91
351
368
641
704
829
908
972
3
124
265
519
537
593
619
649
672
856
197
281
304
348
549
579
679
808
822
338
358
362
495
602
758
232
485
605
802
815
944
963
987
14
202
227
276
660
666
838
970
116
569
880
181
195
204
375
425
598
