6
61
92
149
192
209
239
343
352
369
434
444
491
498
511
514
521
561
626
634
642
651
653
691
696
705
712
731
748
796
818
830
853
859
887
902
909
952
954
973
981
1
58
60
80
83
122
148
158
162
184
200
253
275
318
324
394
430
437
443
447
481
490
576
614
616
625
644
658
695
716
730
785
800
832
835
921
940
966
9
17
22
24
33
45
50
62
78
94
110
114
150
210
215
256
270
331
340
357
364
382
404
413
428
441
457
492
515
534
552
588
611
693
706
713
749
797
851
860
873
891
975
982
995
19
56
93
152
207
293
321
330
344
356
378
397
450
464
551
635
654
663
692
697
702
710
767
827
872
888
900
930
955
974
992
97
127
128
194
229
251
280
284
285
311
312
371
372
390
523
545
548
563
592
600
638
668
708
792
807
840
843
848
849
855
896
907
913
947
959
5
13
14
159
173
191
201
202
225
226
227
259
276
438
500
501
506
510
513
539
585
632
633
659
660
666
686
690
817
836
837
838
858
886
893
926
970
54
68
71
76
84
112
132
160
171
174
267
314
319
325
384
417
448
452
454
459
477
479
502
528
540
565
586
628
645
670
674
687
722
756
773
776
794
804
811
877
884
922
949
978
985
67
75
87
91
131
218
230
233
289
313
346
351
368
483
486
564
574
584
606
641
665
669
689
704
721
775
787
793
803
816
829
908
914
945
948
964
972
988
25
34
35
36
40
46
85
95
100
101
119
145
146
175
176
216
271
287
298
299
338
358
362
365
366
387
400
408
414
415
418
493
494
495
529
535
556
566
567
589
590
602
612
675
723
726
735
738
739
740
754
757
758
790
805
874
875
878
918
919
961
976
0
7
20
31
57
105
153
199
213
240
274
294
317
379
411
423
435
461
465
467
471
489
604
636
643
681
698
715
729
768
770
778
819
824
831
889
903
910
931
943
993
